5000    6217209 	93
10000   24945611        421
15000   57045716        906
20000   100133518       1750
25000   156160970       3625
30000   225396760       6531
35000   304565494       10187
40000   396710798       14765
45000   501222764       20140
50000   621272463       26343
55000   754949505       33312
60000   897124300       40843
65000   1049094335      49031
70000   1220253187      58250
75000   1401604268      68062
80000   1597098280      78687
85000   1803745315      90015
90000   2025588151      102218
91479   2088624766      105734

